version https://git-lfs.github.com/spec/v1
oid sha256:30abfdee9657a696596723c17bfe9a810b3a2af872db218f18ae84a8a1797145
size 3846
