version https://git-lfs.github.com/spec/v1
oid sha256:68861fd1dec98be6f579a6edecf6f70e1c09f4d63ac6e9b5418e26788389579a
size 3745
